15003
15017
15101
15102
15136
15139
15146
15202
15220
15227
15229
15235
15236
15237
15301
15317
15401
15501
15601
15613
15668
15748
15825
15846
15905
15907
16059
16125
16316
16323
16373
16505
16602
16646
16801
17011
17022
17036
17042
17061
17070
17078
17201
17363
17404
17540
17601
17602
17701
17837
18014
18018
18020
18031
18034
18088
18101
18104
18195
18328
18336
18346
18360
18431
18433
18509
18612
18640
18643
18644
18704
18706
18801
18810
18848
18901
18902
18912
18940
18964
18966
19001
19002
19006
19020
19025
19044
19046
19047
19053
19058
19060
19061
19063
19067
19085
19090
19102
19104
19107
19134
19135
19140
19149
19317
19320
19341
19342
19348
19363
19380
19382
19406
19422
19425
19438
19446
19454
19462
19464
19468
19520
19604
19607
19610